2.867823541164398193e-01
-3.385690748691558838e-01
1.646624505519866943e-01
-2.656854316592216492e-02
3.721489310264587402e-01
2.867635786533355713e-01
9.648872539401054382e-03
-1.961386054754257202e-01
3.799257278442382812e-01
-1.240535266697406769e-02
2.795088589191436768e-01
1.264703571796417236e-01
-4.784452915191650391e-02
2.775931358337402344e-01
-1.209374703466892242e-02
3.113034665584564209e-01
-1.374403107911348343e-02
-1.953480243682861328e-01
1.782827079296112061e-01
1.924403607845306396e-01
-3.325037658214569092e-01
-1.001177057623863220e-01
1.285511720925569534e-02
-1.278490126132965088e-01
-2.092523425817489624e-01
-1.046260893344879150e-01
-1.026728749275207520e-01
1.502474695444107056e-01
3.633423522114753723e-02
-4.675665870308876038e-03
1.161050051450729370e-01
-1.186421606689691544e-02
-3.663344979286193848e-01
6.197479367256164551e-02
1.408065408468246460e-01
2.440093755722045898e-01
7.850669324398040771e-02
1.447193324565887451e-01
1.209400780498981476e-02
3.214597702026367188e-01
1.473489850759506226e-01
-1.047407537698745728e-01
-3.364563360810279846e-02
3.160365670919418335e-02
2.043957263231277466e-02
1.961175501346588135e-01
-3.798977285623550415e-02
-1.058513447642326355e-01
2.173732370138168335e-01
-5.008024722337722778e-02
1.368700712919235229e-02
-7.657032459974288940e-02
2.008822411298751831e-01
3.137671574950218201e-02
-1.081000417470932007e-01
1.634994447231292725e-01
-2.648621797561645508e-01
7.276713103055953979e-02
4.288551509380340576e-01
-7.652480900287628174e-02
2.184146642684936523e-01
-2.655139006674289703e-02
3.640030324459075928e-01
1.427773088216781616e-01
2.493935078382492065e-02
5.169117078185081482e-02
-2.450775727629661560e-02
-3.019292056560516357e-01
-4.204603284597396851e-02
-1.422893106937408447e-01
1.242509186267852783e-01
1.333142668008804321e-01
6.531087309122085571e-02
-7.637375593185424805e-02
1.195834428071975708e-01
1.743544489145278931e-01
1.545635908842086792e-01
-2.582723498344421387e-01
-1.434235870838165283e-01
-1.232383120805025101e-02
9.275086224079132080e-03
3.228673934936523438e-01
1.364593803882598877e-01
-1.963055133819580078e-01
3.742206692695617676e-01
3.354558348655700684e-01
-2.292569167912006378e-02
-4.444555938243865967e-01
1.699257642030715942e-01
2.196734100580215454e-01
-3.275819718837738037e-01
5.352990329265594482e-02
-1.106402948498725891e-01
-9.279207885265350342e-02
-2.043930739164352417e-01
2.394619286060333252e-01
-3.313317596912384033e-01
7.198448479175567627e-02
3.055713772773742676e-01
-1.255095750093460083e-01
